number, theta_1, theta_2, theta_3, theta_4, theta_5, theta_6, theta_7, tau_1, tau_2, tau_3, tau_4, tau_5, tau_6, tau_7, m_00, m_01, m_02, m_03, m_10, m_11, m_12, m_13, m_20, m_21, m_22, m_23, m_30, m_31, m_32, m_33
0, -1.570805343116235, 0.092445262191838, 0.000050873020604, 0.000053809155276, -0.000072336828829, -0.000039907498717, -0.000047517461496, 0.218440580368042, 12.276360616683959, 0.073951492309570, -5.434994497299194, 0.052822494506836, 1.025452032089234, -0.120150604248047, 0.920374359722359, -0.391038262134381, -0.000339871417766, 3.011832357853488, 0.389393855776190, 0.916582908573164, -0.090819583765343, -91.281563785826833, 0.035825452536004, 0.083455672416447, 0.995867304259011, 1326.085293980814640, 0.000000000000000, 0.000000000000000, 0.000000000000000, 1.000000000000000
1, -1.570803275882821, 0.092447179654185, 0.000055846445385, 0.000052520884123, -0.000072864092795, -0.000039248364217, -0.000047757117019, 0.181473712921143, 12.229311876296997, 0.048420619964600, -5.412544937133790, 0.036535558700562, 1.024450777053833, -0.110972433090210, 0.920382413867665, -0.391019262600999, -0.000385380463266, 2.957147661213336, 0.389370356294082, 0.916590744085351, -0.090841254375326, -91.293093401218229, 0.035873916465171, 0.083458637252438, 0.995865311166834, 1326.080482277191322, 0.000000000000000, 0.000000000000000, 0.000000000000000, 1.000000000000000
2, -1.570792250365241, 0.461957355012723, 0.000071246194397, 0.000050902963909, -0.000073487262604, -0.000005842326040, -0.000047876999321, 0.508126396179199, 61.030953905105591, 0.410694894790649, -26.587322235107422, 0.313853654861450, 5.079199918746948, -0.111639936447144, 0.920299763132344, -0.391210587454238, -0.001619333894240, 0.951956991550605, 0.349000850504205, 0.822860082871107, -0.448441401260740, -444.578192598228156, 0.176767509248426, 0.412135366452656, 0.893810767105120, 1224.963612979559684, 0.000000000000000, 0.000000000000000, 0.000000000000000, 1.000000000000000
3, -1.570792579959762, 0.461979286165580, 0.000071755557831, 0.000037001307349, -0.000073678987022, 0.000001887519042, -0.000048146652691, 0.504765771865845, 60.601466117858891, 0.405852832794189, -26.382194881439208, 0.301088218688965, 4.956212425231934, -0.100793006896973, 0.920343128513543, -0.391106691068521, -0.002020395836619, 1.061906363946143, 0.348741832272044, 0.822967730959090, -0.448445368159360, -444.584381486095879, 0.177052704643114, 0.412019016553216, 0.893807960233673, 1224.942898082609872, 0.000000000000000, 0.000000000000000, 0.000000000000000, 1.000000000000000
4, -1.570788445383852, 0.831638874797887, 0.000087095365692, -0.000083140558695, -0.000073343447474, 0.000187493194595, -0.000047847001475, 0.707075355529785, 101.234102565765369, 0.672606430053711, -43.923664932250972, 0.538789443969727, 8.384009038925171, -0.084439174652100, 0.920868547281729, -0.389863670976396, -0.002727027694433, -0.852810519129222, 0.258950399967572, 0.616846872428722, -0.743266188072307, -736.024523264839672, 0.291454643098840, 0.683744289941578, 0.668990236840879, 1002.735616788878474, 0.000000000000000, 0.000000000000000, 0.000000000000000, 1.000000000000000
5, -1.570788535268308, 0.831642949432646, 0.000087484846822, -0.000082421537585, -0.000073774892865, 0.000187193597921, -0.000048116654844, 0.704386856079102, 101.236791065216067, 0.639592370986938, -43.877885437011713, 0.567841815948486, 8.368155834197999, -0.076929761886597, 0.920889079764326, -0.389817280694639, -0.002406333860973, -0.816925047444374, 0.259155692942437, 0.616807189318483, -0.743227568124702, -736.033694140303396, 0.291207193569010, 0.683806536146643, 0.669034372462874, 1002.753240196092406, 0.000000000000000, 0.000000000000000, 0.000000000000000, 1.000000000000000
6, -1.570801238538171, 1.201246961218396, 0.000099828578860, 0.000013152692145, -0.000073295538186, -0.000011085404190, -0.000047697230409, 0.880483570098877, 127.656675167083733, 0.851322536468506, -55.343448057174683, 0.689333553314209, 10.636332241058350, -0.084772926330566, 0.920166586787379, -0.391479957664614, -0.006074150720723, -2.244201544371754, 0.133076591623752, 0.327309215951784, -0.935499491135529, -926.097991942324938, 0.368217426694978, 0.860007046424586, 0.353275822521424, 690.667107061584375, 0.000000000000000, 0.000000000000000, 0.000000000000000, 1.000000000000000
7, -1.570801837786061, 1.201253522565546, 0.000100158173381, -0.000008149269517, -0.000072480556693, -0.000008059385061, -0.000048026770388, 0.846205202102661, 127.433529712677000, 0.768127107620239, -54.978532657623290, 0.719266300201416, 10.547721170425415, -0.065415328979492, 0.920274748242816, -0.391224335174077, -0.006156891604083, -2.311699603652278, 0.132942063714612, 0.327440846118953, -0.935472554374635, -926.100338288647890, 0.367995645955115, 0.860073259589267, 0.353345712719953, 690.653432247843398, 0.000000000000000, 0.000000000000000, 0.000000000000000, 1.000000000000000
8, -1.385986873887064, 0.092414073267223, 0.000085387615562, 0.000023339251771, -0.000074062523125, -0.000192616499525, -0.000047906888085, -0.035622617721558, 12.492784822463989, 0.060305681228638, -5.508505802154541, 0.072190742492676, 1.135923837661743, -0.045890855789185, 0.833178509410148, -0.552769594059789, 0.016104264654452, 20.066145305968561, 0.551824529928403, 0.829147581796598, -0.089464941570157, -89.844369568426146, 0.036100687339468, 0.083426994934675, 0.995859767683075, 1325.982039766016214, 0.000000000000000, 0.000000000000000, 0.000000000000000, 1.000000000000000
9, -1.385989120943932, 0.092414163151680, 0.000087125308997, 0.000022889829489, -0.000074350153385, -0.000184197576639, -0.000048086656998, -0.014786746978760, 12.529079565048217, 0.052382307052612, -5.483415117263794, 0.055903806686401, 1.089532354354859, -0.063412818908691, 0.833338805785350, -0.552528101625597, 0.016097567712578, 20.102284968579458, 0.551587925847806, 0.829317742794718, -0.089346748932401, -89.823887160973811, 0.036016591054158, 0.083335337041906, 0.995870486945441, 1325.983784574005995, 0.000000000000000, 0.000000000000000, 0.000000000000000, 1.000000000000000
10, -1.385996940618929, 0.461951362861075, 0.000099648809947, 0.000047038095909, -0.000073726896310, -0.000034754305023, -0.000048266480452, 0.450323657989502, 61.078674770355221, 0.417737894058228, -26.620776481628418, 0.318695716857910, 5.135270200729369, -0.091114208221436, 0.841006804995720, -0.534793549667012, 0.081874374412567, 83.073301218226291, 0.511749137147364, 0.737231441372619, -0.441137872416980, -437.337038054516256, 0.175557325622772, 0.412899093104125, 0.893696796645245, 1224.893082087174662, 0.000000000000000, 0.000000000000000, 0.000000000000000, 1.000000000000000
11, -1.385997330154601, 0.461949595224336, 0.000099678807794, 0.000047217864822, -0.000073535171892, -0.000035053847155, -0.000048176595995, 0.402602792739868, 60.994659162521359, 0.359192962646484, -26.613733482360843, 0.355671463012695, 5.144782123565673, -0.074593500137329, 0.840816937005138, -0.535146708766983, 0.081516124424331, 82.977998383394521, 0.511895259332023, 0.737074009619497, -0.441231399400405, -437.336919069763894, 0.176040114515694, 0.412722551406274, 0.893683374379314, 1224.866894885213242, 0.000000000000000, 0.000000000000000, 0.000000000000000, 1.000000000000000
12, -1.385998378770231, 0.831626770721372, 0.000098001000969, 0.000040177097544, -0.000073631077734, -0.000181860580773, -0.000047996772541, 0.696321357727051, 101.394740407943729, 0.680529804229736, -44.022707109451289, 0.542310943603516, 8.547046733856202, -0.079099147796631, 0.857748606220976, -0.496971970654271, 0.131476952010549, 134.671913195336487, 0.422284138498021, 0.535314350232747, -0.731515312763770, -723.899035367962938, 0.293161107411878, 0.682976871364545, 0.669028518287628, 1002.521307605223114, 0.000000000000000, 0.000000000000000, 0.000000000000000, 1.000000000000000
13, -1.385998438656841, 0.831625242740156, 0.000098150772035, 0.000041255656479, -0.000073055904480, -0.000187403310139, -0.000047727173714, 0.669436363220215, 101.345003168106075, 0.719266300201416, -43.993654737472532, 0.530866069793701, 8.508164663314819, -0.064580949783325, 0.857763436193401, -0.496889866525729, 0.131690349204991, 134.622048022549251, 0.422413640923028, 0.535351902952174, -0.731413054277565, -723.897750631427471, 0.292931055867827, 0.683007174595940, 0.669098345505824, 1002.545843876202298, 0.000000000000000, 0.000000000000000, 0.000000000000000, 1.000000000000000
14, -1.385988671576192, 1.201234287891838, 0.000094195965038, -0.000091229941602, -0.000073343447474, -0.000071246248939, -0.000047876944780, 0.815959583282471, 127.717166404724125, 0.857925348281860, -55.312634935379023, 0.689333553314209, 10.654521707534791, -0.074092872619629, 0.879658599495744, -0.445399474761288, 0.166793453755103, 167.899683183813380, 0.300661911515851, 0.249041274025378, -0.920641547398037, -911.282914696480361, 0.368514807432241, 0.859998692856091, 0.352985955795685, 690.403227259529785, 0.000000000000000, 0.000000000000000, 0.000000000000000, 1.000000000000000
15, -1.385987563019411, 1.201260803042887, 0.000098510309861, -0.000093447000623, -0.000072912089350, -0.000070826769962, -0.000048086711539, 0.825369331359863, 127.546446689605716, 0.871130971908569, -55.252329254150396, 0.702539176940918, 10.636665992736816, -0.067751590728760, 0.879946155094369, -0.444957438688400, 0.166456126022728, 167.890885819075010, 0.300271032279250, 0.249396146876952, -0.920673052226948, -911.256971686189786, 0.368146806734202, 0.860124665196149, 0.353063009975022, 690.416052623380438, 0.000000000000000, 0.000000000000000, 0.000000000000000, 1.000000000000000
16, -1.201187429619384, 0.092365207538882, 0.000083110615390, -0.000065703465032, -0.000074014613837, -0.000190848808244, -0.000048176595995, 0.012770372390747, 12.628554044723511, 0.059425306320190, -5.530074987411499, 0.071310367584229, 1.148773277282715, -0.042386463165283, 0.719084242902795, -0.694242120748240, 0.030752713504656, 36.734125196418837, 0.693933538680719, 0.714996435834736, -0.085066683476438, -84.925778388481248, 0.037068794193626, 0.082510450990227, 0.995900562292451, 1325.844383766088640, 0.000000000000000, 0.000000000000000, 0.000000000000000, 1.000000000000000
17, -1.201187489505994, 0.092360264111947, 0.000082930846477, -0.000066422595224, -0.000074062523125, -0.000190609098180, -0.000048236537147, 0.024196495056152, 12.640652292251588, 0.057224369049072, -5.549443235397339, 0.072630929946899, 1.152444545745849, -0.043888345718384, 0.719073660660189, -0.694254974374100, 0.030709951181564, 36.680697827727620, 0.693944138921856, 0.714990433404924, -0.085030654445577, -84.902689179569819, 0.037075633517977, 0.082454294589535, 0.995904958669743, 1325.845250003528918, 0.000000000000000, 0.000000000000000, 0.000000000000000, 1.000000000000000
18, -1.201195369176683, 0.461950913438793, 0.000097192095403, 0.000054977653209, -0.000073774892865, -0.000008688576256, -0.000048446249365, 0.369668674468994, 61.116985887527463, 0.422139768600464, -26.642785854339600, 0.318695716857910, 5.141945234298706, -0.088777946472168, 0.733715538724352, -0.660957224458526, 0.157470808947295, 162.332517713410709, 0.655610684933978, 0.627828796518825, -0.419530251665031, -414.898999057184085, 0.178426842248680, 0.411055409522615, 0.893978362303787, 1224.503911990919505, 0.000000000000000, 0.000000000000000, 0.000000000000000, 1.000000000000000
19, -1.201195998313336, 0.461967811280260, 0.000099049616599, 0.000036132460632, -0.000073822889419, 0.000006231807170, -0.000048446249365, 0.364291675567627, 60.967774168014529, 0.441067829132080, -26.465830497741699, 0.343346214294434, 5.109237569808959, -0.076762886047363, 0.733652349055598, -0.660999762783302, 0.157586624830985, 162.362471268991982, 0.655696304905639, 0.627751604351644, -0.419511953306492, -414.891364958192241, 0.178372045058339, 0.411104897604438, 0.893966541156519, 1224.514458729707030, 0.000000000000000, 0.000000000000000, 0.000000000000000, 1.000000000000000
20, -1.201195728714509, 0.831642050588082, 0.000098240711033, -0.000097222038708, -0.000073439266050, 0.000149443271616, -0.000048116654844, 0.467126779556274, 101.331560670852667, 0.684051303863525, -43.965482740402223, 0.539669818878174, 8.436408052444458, -0.071422859191895, 0.765703896550374, -0.587024479642265, 0.262868414055974, 265.667627255604827, 0.572077729192250, 0.434769900166586, -0.695487027680155, -687.301611863078051, 0.293980636385824, 0.682918292484441, 0.668728637954381, 1002.127360185604971, 0.000000000000000, 0.000000000000000, 0.000000000000000, 1.000000000000000
21, -1.201195249294380, 0.831645166491667, 0.000098270654338, -0.000097222038708, -0.000073487262604, 0.000149053790485, -0.000048146598149, 0.527618017196655, 101.286528305053707, 0.613181123733521, -43.935549993515011, 0.533947381973267, 8.434238666534423, -0.077597265243530, 0.765628247612940, -0.587127710497912, 0.262858208969434, 265.700508814884245, 0.572124488303394, 0.434686766930495, -0.695500528065287, -687.287012079859664, 0.294086647674997, 0.682882468819485, 0.668718608562890, 1002.117236007064889, 0.000000000000000, 0.000000000000000, 0.000000000000000, 1.000000000000000
22, -1.201205046427418, 1.201246691619569, 0.000094795267469, 0.000000719075651, -0.000073199632344, -0.000024807346378, -0.000048206539300, 0.714468729019165, 127.712461530685431, 0.863647785186768, -55.354012556076043, 0.688012990951538, 10.657024845123292, -0.068419094085693, 0.808814518629835, -0.484209558121509, 0.333706724950759, 332.537023176119988, 0.457888101156091, 0.162481233827097, -0.874035660298648, -865.378244350647378, 0.368995340449251, 0.859733070480482, 0.353130976054133, 690.123175764547341, 0.000000000000000, 0.000000000000000, 0.000000000000000, 1.000000000000000
23, -1.201205435908548, 1.201253942044523, 0.000098959786684, -0.000019654098143, -0.000073343447474, -0.000024357924096, -0.000048356364908, 0.678846111297607, 127.379759723663341, 0.893140344619751, -55.271257314682003, 0.722347612380981, 10.613970878601075, -0.063579694747925, 0.808676858340707, -0.484448491163647, 0.333693569301943, 332.476253752845992, 0.457924821414324, 0.162352831464161, -0.874040282852129, -865.407176466787746, 0.369251400426408, 0.859622718129783, 0.353131966491708, 690.099940891654342, 0.000000000000000, 0.000000000000000, 0.000000000000000, 1.000000000000000
24, -1.016390621889701, 0.092350017556628, 0.000083110615390, -0.000098300652185, -0.000074014526571, -0.000191897423874, -0.000048176595995, 0.022852245330811, 12.716602401733399, 0.057224369049072, -5.555165672302246, 0.066908493041992, 1.172135894775391, -0.030371402740479, 0.578357577884368, -0.814450109557203, 0.046621144837806, 52.085493822022819, 0.814949650189526, 0.574239171023546, -0.078143727311662, -77.246164543237754, 0.036872479706361, 0.083188902531834, 0.995851407959969, 1325.839557173457479, 0.000000000000000, 0.000000000000000, 0.000000000000000, 1.000000000000000
25, -1.016407190027564, 0.092352474325714, 0.000093776540603, -0.000099948461163, -0.000074206338255, -0.000184886654443, -0.000048416306060, 0.040327491760254, 12.660816038131713, 0.070870180130005, -5.578495607376098, 0.069109430313110, 1.151610166549683, -0.046892110824585, 0.578452319204396, -0.814381628294381, 0.046642018648934, 52.093661723352561, 0.814882287951712, 0.574330713888940, -0.078173447323272, -77.256949772452089, 0.036875075452648, 0.083227366775679, 0.995848097969740, 1325.838902990851921, 0.000000000000000, 0.000000000000000, 0.000000000000000, 1.000000000000000
26, -1.016393078604245, 0.461955317668073, 0.000097611465297, 0.000052580770733, -0.000073726983577, 0.000042064616587, -0.000048356310367, 0.280948192596436, 61.142526632308957, 0.426541643142700, -26.636183042526245, 0.319576091766357, 5.161970335006714, -0.080434154510498, 0.601037050798097, -0.764284683844237, 0.233716464137727, 236.286736235884774, 0.779357587622298, 0.495687469061635, -0.383269726995002, -378.487536989131684, 0.177076859536978, 0.412508006051260, 0.893577601979893, 1224.468455374277482, 0.000000000000000, 0.000000000000000, 0.000000000000000, 1.000000000000000
27, -1.016397722489047, 0.461974162915191, 0.000099019673294, 0.000034424655961, -0.000073822802152, 0.000056116098754, -0.000048476192670, 0.311865936279297, 60.847463817596434, 0.384723834991455, -26.664355039596558, 0.283040533065796, 5.217539989471435, -0.074092872619629, 0.601160958352132, -0.764184464792894, 0.233725492666815, 236.150143104535772, 0.779279814117973, 0.495815362353845, -0.383262439800957, -378.505398822951236, 0.176998512596585, 0.412539974091147, 0.893578366073996, 1224.488195816978759, 0.000000000000000, 0.000000000000000, 0.000000000000000, 1.000000000000000
28, -1.016397003467937, 0.831647922857427, 0.000096173423078, -0.000067051731877, -0.000073439353316, 0.000163464810478, -0.000048296423757, 0.487290525436401, 101.386674909591676, 0.681850366592407, -44.025348234176633, 0.540550193786621, 8.442415582656860, -0.076429134368896, 0.647445386958698, -0.656608836576885, 0.386884099744423, 387.473434116098758, 0.703276559491212, 0.319166178577089, -0.635244072245229, -627.295351452945283, 0.293626551551638, 0.683372362758144, 0.668420273512291, 1001.971202994757846, 0.000000000000000, 0.000000000000000, 0.000000000000000, 1.000000000000000
29, -1.016397183236850, 0.831647593317448, 0.000096143479773, -0.000066542368444, -0.000073631077734, 0.000163255098260, -0.000048446194823, 0.468471029281616, 101.377265161514288, 0.695055990219116, -43.993214550018308, 0.502253885269165, 8.443083086013793, -0.081769161224365, 0.647571303382636, -0.656556302742541, 0.386762496067496, 387.303617254708001, 0.703161256474641, 0.319292827417236, -0.635308065235214, -627.317214207401435, 0.293625023505011, 0.683363674545957, 0.668429827194096, 1001.991309645521028, 0.000000000000000, 0.000000000000000, 0.000000000000000, 1.000000000000000
30, -1.016399070701351, 1.201246961218396, 0.000095873771863, -0.000012823097624, -0.000073343447474, -0.000022290636141, -0.000048116654844, 0.592814128875732, 127.729264652252198, 0.865408535003662, -55.352251806259154, 0.688893365859985, 10.657692348480225, -0.078097892761230, 0.712988034584883, -0.504836676941286, 0.486608664281335, 485.632214455059454, 0.596718419259139, 0.072434750816928, -0.799174783755696, -789.600500923852337, 0.368205364783920, 0.860170411307532, 0.352890454469048, 690.181083050751454, 0.000000000000000, 0.000000000000000, 0.000000000000000, 1.000000000000000
31, -1.016399310411415, 1.201246991161701, 0.000095843828558, -0.000012523500950, -0.000073199632344, -0.000022230694990, -0.000048236537147, 0.612305749893189, 127.715150030136101, 0.861006660461426, -55.354452743530274, 0.684931678771973, 10.657358596801759, -0.077597265243530, 0.713120962840486, -0.504781816729724, 0.486470769786323, 485.657875931161755, 0.596577766573405, 0.072526169782258, -0.799271495254900, -789.590042844866389, 0.368175855791422, 0.860194903609499, 0.352861540857740, 690.176960738988214, 0.000000000000000, 0.000000000000000, 0.000000000000000, 1.000000000000000
32, -0.831588151548350, 0.092350496976756, 0.000040267036542, 0.000079305579458, -0.000073918707995, -0.000193695058460, -0.000048356310367, 0.056458488464355, 12.798601634979249, 0.054143056869507, -5.670934972763062, 0.062946805953980, 1.164459606170654, -0.041552083969116, 0.420921570409656, -0.905136182128030, 0.059611436541686, 64.972330780598355, 0.906444160710797, 0.417216497120822, -0.065493343505500, -66.749711139158705, 0.034409520153105, 0.081601999564507, 0.996070830106929, 1325.913117271655437, 0.000000000000000, 0.000000000000000, 0.000000000000000, 1.000000000000000
33, -0.831588211489501, 0.092350317153302, 0.000040027326478, 0.000079365520610, -0.000073870798707, -0.000193575176158, -0.000048356310367, 0.073261610031128, 12.803306509017943, 0.048420619964600, -5.652887287139892, 0.058104743957520, 1.164960233688354, -0.042219587326050, 0.420819214509560, -0.905180092383482, 0.059667319800602, 64.991646929366865, 0.906491721329951, 0.417110868369036, -0.065507882340158, -66.745773190942600, 0.034408543413228, 0.081654907023763, 0.996066528048765, 1325.920931066026469, 0.000000000000000, 0.000000000000000, 0.000000000000000, 1.000000000000000
34, -0.831590578374131, 0.461951482743378, 0.000094375788492, 0.000053090134167, -0.000073870798707, 0.000007699847236, -0.000048356310367, 0.343455804824829, 61.187558998107910, 0.417737894058228, -26.660833539962766, 0.319135904312134, 5.155795928955078, -0.086441684722900, 0.448078107058968, -0.841880965532041, 0.300769762192430, 301.702523956453490, 0.876321605972733, 0.347052439967324, -0.334088381746654, -328.982006431746981, 0.176879769560635, 0.413268730715942, 0.893265080103667, 1224.444282100617329, 0.000000000000000, 0.000000000000000, 0.000000000000000, 1.000000000000000
35, -0.831590518487521, 0.461969548973694, 0.000095124807448, 0.000034993960546, -0.000073870798707, 0.000022740058423, -0.000048596020431, 0.358914676666260, 60.962397169113160, 0.390006084442139, -26.711014909744264, 0.292284469604492, 5.205691804885864, -0.073258493423462, 0.447986365687502, -0.842052559046913, 0.300425870990915, 301.822649403762853, 0.876324403056526, 0.347011686039643, -0.334123375954971, -329.032022959489098, 0.177098155737792, 0.412953238944156, 0.893367710228998, 1224.381435895066488, 0.000000000000000, 0.000000000000000, 0.000000000000000, 1.000000000000000
36, -0.831597708971323, 0.831647862970817, 0.000098510309861, -0.000075290885851, -0.000073583168446, 0.000152439347440, -0.000048356310367, 0.547781763076782, 101.451198896408073, 0.683611116409302, -44.038113670349119, 0.538349256515503, 8.447588733673095, -0.075761631011963, 0.508334037296481, -0.703279862070693, 0.496984851008245, 496.747945421590657, 0.809748272099969, 0.193936305351072, -0.553801810486289, -545.652170535189498, 0.293094255073305, 0.683948934550383, 0.668064078191921, 1001.650328305733865, 0.000000000000000, 0.000000000000000, 0.000000000000000, 1.000000000000000
37, -0.831598218334756, 0.831648102680881, 0.000098660080927, -0.000074991289177, -0.000073151723056, 0.000152079809614, -0.000048086711539, 0.541060514450073, 101.503624635696411, 0.739955110549927, -44.038553857803343, 0.522942695617676, 8.435239921569824, -0.060909681320190, 0.508315658586091, -0.703367806293989, 0.496879180792847, 496.745071065996456, 0.809739765160373, 0.193966678406663, -0.553803611748704, -545.616291937797314, 0.293149627245562, 0.683849878801677, 0.668141182167901, 1001.647617128544198, 0.000000000000000, 0.000000000000000, 0.000000000000000, 1.000000000000000
38, -0.831592346065412, 1.201242017736921, 0.000095783941948, 0.000005872269345, -0.000073151635789, -0.000027264115463, -0.000048236537147, 0.604912376403809, 127.763543020248420, 0.858365535736084, -55.389667739868166, 0.691094303131103, 10.655356086730958, -0.069587224960327, 0.591456591596863, -0.508250818450358, 0.625987384698097, 623.233872349545209, 0.717778739697169, -0.021854008233709, -0.695928216961250, -687.346956720181311, 0.367386419312644, 0.860931767254910, 0.351885934694713, 689.521435970204152, 0.000000000000000, 0.000000000000000, 0.000000000000000, 1.000000000000000
39, -0.831591956529740, 1.201260593330670, 0.000097761345446, -0.000015100152339, -0.000072816183508, -0.000026754806572, -0.000048326367062, 0.606928750991821, 127.300448989868158, 0.919551591873169, -55.120713205337523, 0.661601743698120, 10.510007230758667, -0.079599775314331, 0.591376343813602, -0.508280562724576, 0.626039047930754, 623.253150271252252, 0.717839168229656, -0.021888378855313, -0.695864805423038, -687.281229351695060, 0.367397534739977, 0.860913333865538, 0.351919426914048, 689.547648005283691, 0.000000000000000, 0.000000000000000, 0.000000000000000, 1.000000000000000
40, -0.646788797165125, 0.092353552939190, 0.000078047251611, 0.000035173729458, -0.000073918707995, -0.000193005926114, -0.000048416251518, 0.059819112777710, 12.866486246109009, 0.050621557235718, -5.695585470199584, 0.062506618499756, 1.177475921630859, -0.024530748367310, 0.246241987614081, -0.966542260675380, 0.071839695603424, 77.215063842966089, 0.968598385270786, 0.242780718030308, -0.053616144989312, -54.139242918335434, 0.034380977104990, 0.082786359270194, 0.995974079548305, 1325.927402080895718, 0.000000000000000, 0.000000000000000, 0.000000000000000, 1.000000000000000
41, -0.646795448451273, 0.092356998382754, 0.000085297731106, 0.000034514594959, -0.000074206338255, -0.000185455904487, -0.000048596020431, 0.065196111679077, 12.838257001876832, 0.051501932144165, -5.677537784576415, 0.077032804489136, 1.149607656478882, -0.037213312149048, 0.246169951555539, -0.966558830194958, 0.071863639786036, 77.212776676901981, 0.968616230057567, 0.242706606392173, -0.053629302462939, -54.154729349293305, 0.034394095717292, 0.082810210637025, 0.995971643770063, 1325.930466377001721, 0.000000000000000, 0.000000000000000, 0.000000000000000, 1.000000000000000
42, -0.646803567722944, 0.462023867437862, 0.000096922442034, 0.000055966382229, -0.000073679074289, -0.000037151078416, -0.000048655961582, 0.329341182708740, 61.219820991516116, 0.418178081512451, -26.689005537033083, 0.314293842315674, 5.169479747772217, -0.080100402832031, 0.279006589129851, -0.891801770063065, 0.356152953286240, 356.965734951338845, 0.944227395280228, 0.187224664102720, -0.270890293576458, -268.592706372117959, 0.174899826256181, 0.411869552241979, 0.894300577385227, 1224.387323936663506, 0.000000000000000, 0.000000000000000, 0.000000000000000, 1.000000000000000
43, -0.646803657552859, 0.462023987320165, 0.000096862500883, 0.000055756615470, -0.000073583168446, -0.000037270906177, -0.000048655961582, 0.323292058944702, 61.348196840286249, 0.419498643875122, -26.767358903884887, 0.312973279953003, 5.177656663894654, -0.080100402832031, 0.278896167812040, -0.891870529693590, 0.356067249046909, 356.870391161462805, 0.944252657968064, 0.187138698909696, -0.270861634955255, -268.580052457817771, 0.174939548130222, 0.411759718324244, 0.894343384201803, 1224.398510405773322, 0.000000000000000, 0.000000000000000, 0.000000000000000, 1.000000000000000
44, -0.646792841856579, 0.831617003586182, 0.000097821232056, 0.000035293557220, -0.000073535259159, 0.000069808152178, -0.000048476192670, 0.433520536422729, 101.677704975128165, 0.680089616775513, -44.177653093338009, 0.541870756149292, 8.462941310882568, -0.081435409545898, 0.349826508213576, -0.726937833443421, 0.590916915022478, 588.807260484507083, 0.889755301681678, 0.060412402739592, -0.452422197426889, -445.632299653499501, 0.293184101343239, 0.684040735558793, 0.667930651202460, 1001.430434692599761, 0.000000000000000, 0.000000000000000, 0.000000000000000, 1.000000000000000
45, -0.646792811913274, 0.831615865086095, 0.000097821232056, 0.000035533267284, -0.000073679074289, 0.000069718267722, -0.000048446249365, 0.560552135467529, 101.580918994903556, 0.746117734909058, -44.148160533905028, 0.499612760543823, 8.463608814239501, -0.081769161224365, 0.349793099631663, -0.726972491467932, 0.590894054885460, 588.786802455470593, 0.889762113912623, 0.060395155731053, -0.452411102659916, -445.630471239362748, 0.293203288003073, 0.684005425280479, 0.667958389490736, 1001.428692663917332, 0.000000000000000, 0.000000000000000, 0.000000000000000, 1.000000000000000
46, -0.646792212665385, 1.201246451964046, 0.000093956309515, 0.000013242576601, -0.000073199632344, -0.000042184498889, -0.000048356364908, 0.555847261428833, 127.794460763931284, 0.871130971908569, -55.412117300033572, 0.696816740036011, 10.650182935714721, -0.064247198104858, 0.449788238617703, -0.495083510668502, 0.743359171508185, 739.198948575454892, 0.814161016656372, -0.114904683050055, -0.569156176080195, -561.471305794355203, 0.367195287766942, 0.861213812753440, 0.351394919377663, 689.114834238660592, 0.000000000000000, 0.000000000000000, 0.000000000000000, 1.000000000000000
47, -0.646792212665385, 1.201246451909505, 0.000093836427212, 0.000013721942188, -0.000073247541632, -0.000042663809935, -0.000048386308213, 0.551814512252808, 127.699019033431995, 0.776930856704712, -55.369859304428104, 0.677008304595947, 10.659527982711792, -0.069754100799561, 0.449866434965802, -0.495134556677905, 0.743277849444294, 739.127689124474159, 0.814101174194331, -0.114865507084514, -0.569249675852019, -561.512040154557894, 0.367232172973136, 0.861189692266223, 0.351415487803023, 689.142929596213662, 0.000000000000000, 0.000000000000000, 0.000000000000000, 1.000000000000000
48, -0.461989113241922, 0.092350077443238, 0.000082181827521, 0.000079814888350, -0.000073966617283, -0.000194174369506, -0.000048566077126, 0.078638608932495, 13.000911218643189, 0.054143056869507, -5.751049089431763, 0.071310367584229, 1.173304025650024, -0.021360107421875, 0.068422995510072, -0.994435057641852, 0.080107489152239, 86.545087330976614, 0.997041794552511, 0.065342001460862, -0.040473235114047, -39.197073009652371, 0.035013620220378, 0.082639814725930, 0.995964209909737, 1325.893949966760374, 0.000000000000000, 0.000000000000000, 0.000000000000000, 1.000000000000000
49, -0.461989113241922, 0.092349987613323, 0.000082121886369, 0.000080474077391, -0.000074158428967, -0.000193904770678, -0.000048596074972, 0.136441347122192, 13.019058589935302, 0.058985118865967, -5.814436082839966, 0.102123489379883, 1.186654092788696, -0.034710174560547, 0.068623451084793, -0.994424213933048, 0.080070623232578, 86.504818109660874, 0.997028922404759, 0.065545237634229, -0.040461706734603, -39.197472925017685, 0.034987852886647, 0.082609349150764, 0.995967642839500, 1325.892804225571808, 0.000000000000000, 0.000000000000000, 0.000000000000000, 1.000000000000000
50, -0.462002595474046, 0.461954328993594, 0.000098150772035, 0.000062407847075, -0.000073870798707, -0.000015040156646, -0.000048655961582, 0.301784063339233, 61.415409326553345, 0.419058456420898, -26.786286964416504, 0.317815341949463, 5.177489788055420, -0.070755355834961, 0.100949476929640, -0.910829509895506, 0.400248431616097, 401.273550811403368, 0.979358821410778, 0.020165578709280, -0.201120979413419, -198.802603695932419, 0.175115681857808, 0.412289889930414, 0.894064619940104, 1224.082007725232188, 0.000000000000000, 0.000000000000000, 0.000000000000000, 1.000000000000000
51, -0.462003074839633, 0.461972395223910, 0.000098839904381, 0.000043982133475, -0.000073918707995, -0.000000539252197, -0.000048745846039, 0.297079189300537, 61.207722743988043, 0.389125709533691, -26.787607526779176, 0.303729343414307, 5.209863700866699, -0.067417839050293, 0.100954890716540, -0.910854271788717, 0.400190711542206, 401.225250414026448, 0.979356226421925, 0.020178318392954, -0.201132337617398, -198.839336768126742, 0.175127073318256, 0.412234558268807, 0.894087902367493, 1224.084995893244468, 0.000000000000000, 0.000000000000000, 0.000000000000000, 1.000000000000000
52, -0.462001157322744, 0.831647922911968, 0.000096832503036, -0.000044641267975, -0.000073439266050, 0.000108067732834, -0.000048536133821, 0.447635158538818, 101.629984109878535, 0.680969991683960, -44.123510036468502, 0.545832443237305, 8.459603794097900, -0.069420349121094, 0.180138365942528, -0.726843910247588, 0.662757949217927, 661.161322692016938, 0.938589873366343, -0.074562362140389, -0.336882032418170, -330.174613225350697, 0.294277451955986, 0.682743278464199, 0.668776791599597, 1000.828384134978592, 0.000000000000000, 0.000000000000000, 0.000000000000000, 1.000000000000000
53, -0.462001906341700, 0.831654544200269, 0.000097881173208, -0.000063186809336, -0.000073487262604, 0.000108547098421, -0.000048626018277, 0.426799287796020, 101.391379783630370, 0.729830799102783, -44.027549171447752, 0.514138946533203, 8.329774391174317, -0.070087852478027, 0.180247575620617, -0.726996238640918, 0.662561152260565, 661.133105847819820, 0.938551237390872, -0.074445717043480, -0.337015444758760, -330.158093874408962, 0.294333800768707, 0.682593806165746, 0.668904559342517, 1000.823292792846246, 0.000000000000000, 0.000000000000000, 0.000000000000000, 1.000000000000000
54, -0.461999599398222, 1.201246212199440, 0.000095334465124, 0.000017796576947, -0.000073439353316, -0.000035742979502, -0.000048326421603, 0.506782146453857, 127.850919252395627, 0.865408535003662, -55.448212671279904, 0.695496177673340, 10.663699878692626, -0.062244688034058, 0.293181600046205, -0.466472450570078, 0.834534602190642, 829.818789858417290, 0.882416969715723, -0.203911263055886, -0.423981707573187, -416.328499444731278, 0.367946790925086, 0.860711130204611, 0.351840175917748, 688.772535906776056, 0.000000000000000, 0.000000000000000, 0.000000000000000, 1.000000000000000
55, -0.461999809110440, 1.201254241695738, 0.000095903715167, -0.000003115903585, -0.000072432647405, -0.000032417363699, -0.000048745846039, 0.483929901123047, 127.627773797988880, 0.897542219161987, -55.009345779418943, 0.615822248458862, 10.622648422241211, -0.071756610870361, 0.293278187907224, -0.466233272558294, 0.834634315168888, 829.953703984805429, 0.882425638897900, -0.203897680040855, -0.423970196935576, -416.316443755251271, 0.367849012929882, 0.860843929892952, 0.351617451291842, 688.691390392496601, 0.000000000000000, 0.000000000000000, 0.000000000000000, 1.000000000000000
56, -0.277189579035243, 0.092391303210954, 0.000038109809589, -0.000062347960465, -0.000074014526571, -0.000190998579311, -0.000048626018277, 0.054442113876343, 13.033173212051391, 0.061186056137085, -5.751489276885986, 0.067348680496216, 1.214856109619141, -0.025532003402710, -0.115498617264409, -0.989331046840361, 0.088792731503009, 92.618317173010198, 0.992614025711631, -0.118295932017934, -0.026897368431852, -23.077426079922009, 0.037114220597501, 0.085030301809203, 0.995686889741788, 1326.064222793472481, 0.000000000000000, 0.000000000000000, 0.000000000000000, 1.000000000000000
57, -0.277190028457525, 0.092391003614280, 0.000038079866284, -0.000062917210509, -0.000073679074289, -0.000190579154875, -0.000048655961582, 0.058474863052368, 12.981419597625733, 0.062946805953979, -5.771297712326049, 0.103884239196777, 1.206679193496704, -0.021693859100342, -0.115382335458402, -0.989358484355899, 0.088638062350001, 92.649453911822974, 0.992631469295611, -0.118166933991649, -0.026820549491949, -23.051551807794297, 0.037009226257808, 0.084890312427339, 0.995702742804190, 1326.054523815129642, 0.000000000000000, 0.000000000000000, 0.000000000000000, 1.000000000000000
58, -0.277205248437625, 0.461980424611125, 0.000094645441861, 0.000059172115729, -0.000073583168446, 0.000032836788134, -0.000048655961582, 0.293718564987183, 61.564621046066279, 0.419498643875122, -26.834707584381103, 0.313413467407227, 5.183831069946288, -0.075427879333496, -0.081122014085816, -0.899152788321225, 0.430050557591579, 430.811643929801505, 0.980944918508189, -0.148449118794461, -0.125339243583607, -121.846936482051603, 0.176539756665810, 0.411688137287578, 0.894061850172046, 1223.907376285950932, 0.000000000000000, 0.000000000000000, 0.000000000000000, 1.000000000000000
59, -0.277203870227475, 0.461998460898136, 0.000095094809602, 0.000041225713174, -0.000073726983577, 0.000050723249537, -0.000048685959429, 0.286997316360474, 61.364999961853030, 0.388245334625244, -26.875645017623903, 0.300207843780518, 5.203522418975830, -0.067918466567993, -0.081203296308081, -0.899187530406810, 0.429962567940052, 430.879889728752630, 0.980936648200043, -0.148513515608051, -0.125327682096981, -121.839813378018960, 0.176548341501037, 0.411589019341672, 0.894105789194206, 1223.889159777769464, 0.000000000000000, 0.000000000000000, 0.000000000000000, 1.000000000000000
60, -0.277206147282189, 0.831647862970817, 0.000097851229903, -0.000099768692250, -0.000073487262604, 0.000078946041633, -0.000048596074972, 0.431504161834717, 101.689131097793577, 0.686692428588867, -44.113825912475583, 0.537909069061279, 8.472453233718872, -0.075594755172729, 0.005600481090637, -0.698881504173677, 0.715215546346339, 710.890509774714360, 0.956025084786579, -0.205988187080103, -0.208769978785903, -203.431477754929460, 0.293231430563586, 0.684933215654922, 0.666994616336774, 1000.828207893688727, 0.000000000000000, 0.000000000000000, 0.000000000000000, 1.000000000000000
61, -0.277202222363955, 0.831654424317966, 0.000098510364402, -0.000101416501228, -0.000073295450920, 0.000080144482871, -0.000048715902734, 0.398570043563843, 101.640738107681273, 0.693295240402222, -44.094017477035521, 0.540110006332397, 8.454597518920899, -0.065749080657959, 0.005594111118843, -0.699024324428086, 0.715076009791021, 710.798295534124236, 0.956023538611261, -0.205954444761795, -0.208810345299421, -203.425627213813812, 0.293236593115513, 0.684797605530802, 0.667131576165668, 1000.859268567547247, 0.000000000000000, 0.000000000000000, 0.000000000000000, 1.000000000000000
62, -0.277205937515430, 1.201247111044004, 0.000095544231884, -0.000075230999241, -0.000073343447474, -0.000044701154585, -0.000048506190516, 0.407307666778564, 127.893263118743903, 0.867169284820557, -55.414758424758908, 0.700338239669800, 10.703916955947875, -0.062912191390991, 0.125667756231140, -0.420060348757118, 0.898752979658971, 892.559221423467761, 0.921334503467801, -0.286540864826370, -0.262749054240539, -257.049833398958697, 0.367899915416642, 0.861071214352567, 0.351007145297390, 688.430532661192842, 0.000000000000000, 0.000000000000000, 0.000000000000000, 1.000000000000000
63, -0.277205877574278, 1.201247111044004, 0.000095724000796, -0.000075051175787, -0.000073151635789, -0.000045300347933, -0.000048416251518, 0.259440196990967, 127.785723140716556, 0.821829977035522, -55.419160299301147, 0.735993423461914, 10.688230627059937, -0.049061496734619, 0.125707935475100, -0.419988295554329, 0.898781033709523, 892.571037450834183, 0.921331106966027, -0.286542386082527, -0.262759304906387, -257.070645144734669, 0.367894694573520, 0.861105854454319, 0.350927629475301, 688.384623488027728, 0.000000000000000, 0.000000000000000, 0.000000000000000, 1.000000000000000
64, -0.092389895112040, 0.092497303655833, 0.000079185751697, 0.000024417810706, -0.000074110519679, -0.000190129732593, -0.000048655961582, 0.022180120468140, 13.478791996002197, 0.054143056869507, -6.008998937606812, 0.062066431045532, 1.225035535812378, -0.023529493331909, -0.297647133299537, -0.950279641386526, 0.091513863457201, 95.706763467554509, 0.953968271855429, -0.299747098619350, -0.009808830839998, -6.205875738628966, 0.036752147307798, 0.084381751792534, 0.995755491891804, 1325.842964237827800, 0.000000000000000, 0.000000000000000, 0.000000000000000, 1.000000000000000
65, -0.092390044883106, 0.092417848305308, 0.000078796270567, 0.000025586308639, -0.000074398062673, -0.000189860079224, -0.000048745846039, 0.016130996704102, 13.261695665359497, 0.025971059799194, -5.872540826797485, 0.061186056137085, 1.217359247207642, -0.033375167846680, -0.298051539373331, -0.950179406974098, 0.091238009839869, 95.816539915785356, 0.953845283556754, -0.300139524198759, -0.009769393547122, -6.229615822158584, 0.036666809429281, 0.084115162581401, 0.995781193089216, 1325.805929723520421, 0.000000000000000, 0.000000000000000, 0.000000000000000, 1.000000000000000
66, -0.092392381824430, 0.462048315246414, 0.000098060942120, -0.000093716653993, -0.000073918707995, -0.000070347404375, -0.000048775843885, 0.173408214569092, 61.693669019699101, 0.429622955322266, -26.843071146011354, 0.320456466674805, 5.213034341812135, -0.072757865905762, -0.257132469902776, -0.855880512137776, 0.448722009561015, 446.984354781841773, 0.949957586517202, -0.309091939977505, -0.045196863379619, -40.866879509514646, 0.177379471022188, 0.414645296107071, 0.892527759610965, 1223.776899901782372, 0.000000000000000, 0.000000000000000, 0.000000000000000, 1.000000000000000
